{
 "cells": [
  {
   "cell_type": "code",
   "execution_count": 1,
   "metadata": {},
   "outputs": [
    {
     "name": "stdout",
     "output_type": "stream",
     "text": [
      "Populating the interactive namespace from numpy and matplotlib\n"
     ]
    }
   ],
   "source": [
    "import glob \n",
    "from collections import defaultdict\n",
    "import networkx as nx\n",
    "import matplotlib.pyplot as plt\n",
    "%pylab inline  \n",
    "import numpy as np\n",
    "import pandas as pd\n",
    "from pathlib import Path\n",
    "import re\n",
    "import json\n",
    "import os\n",
    "import ast\n",
    "from scipy.sparse import dok_matrix\n",
    "from sklearn import svm\n"
   ]
  },
  {
   "cell_type": "code",
   "execution_count": 18,
   "metadata": {},
   "outputs": [],
   "source": [
    "def get_API_calls(smali_file,app_name,meta):\n",
    "    #boolean check to see if a line being checked is within a method\n",
    "    method_open = False\n",
    "    method_apis = []\n",
    "\n",
    "    #regex to search for lines starting with '.method'\n",
    "    method_open_regex = re.compile('\\.method.*')\n",
    "    #regex to search for lines with '.end method'\n",
    "    close_method_regex = re.compile('\\.end method.*')\n",
    "    #regex to search for lines starting with 'invoke' \n",
    "    invoke_method_regex = re.compile('^invoke.*')\n",
    "    #regex to get rid of obfuscated APIs ..../a/b/a/..\n",
    "    obfuscated_regex = re.compile('\\/.\\/.\\/')\n",
    "    \n",
    "    #looping through all lines in smali files\n",
    "    for l in open(smali_file):\n",
    "        \n",
    "        #if lines starting with '.method'\n",
    "        method_regex = method_open_regex.findall(l)\n",
    "        if len(method_regex) > 0:\n",
    "            method_open = True\n",
    "            method_start = method_regex[0].split(' ')[1:]\n",
    "            method_header = ' '.join(method_start)\n",
    "            method_name = method_header\n",
    "        \n",
    "        #if line starts with '.end method'\n",
    "        method_end = close_method_regex.findall(l)\n",
    "        if len(method_end) > 0:\n",
    "            method_open = False\n",
    "            meta['code_blocks'].append(method_apis)\n",
    "            method_apis = []\n",
    "            \n",
    "        \n",
    "        #if we found an API being invoked\n",
    "        API_call = invoke_method_regex.findall(l.strip())\n",
    "\n",
    "        if len(API_call) > 0:\n",
    "            API_call_array = API_call[0].split(' ')\n",
    "            #type of invoke method\n",
    "            invoke_method_type = API_call_array[0].split('-')[-1]\n",
    "            api_call = API_call_array[-1].split('->')\n",
    "            api_call[1] = re.sub('\\(.*\\)','()',api_call[1])\n",
    "            try:\n",
    "                #package name \n",
    "                package = api_call[0]\n",
    "                #api name\n",
    "                api_name = '->'.join(api_call)\n",
    "                \n",
    "                if len(obfuscated_regex.findall(api_name)) >= 1:\n",
    "                    continue\n",
    " \n",
    "                method_apis.append(api_name)\n",
    "                meta['invoke_method'][invoke_method_type].add(api_name)\n",
    "                meta['packages'][package].add(api_name)\n",
    "                meta['app_apis'][api_name] += 1\n",
    "\n",
    "            except e:\n",
    "                print(e)\n",
    "    return meta"
   ]
  },
  {
   "cell_type": "code",
   "execution_count": 19,
   "metadata": {},
   "outputs": [],
   "source": [
    "def get_app_api_calls(app_name):\n",
    "    \n",
    "    same_code_block = []\n",
    "    packages = defaultdict(set)\n",
    "    invoke_method = defaultdict(set)\n",
    "    app_apis = defaultdict(int)\n",
    "    meta = {'invoke_method':invoke_method, 'packages':packages, \\\n",
    "            'code_blocks':same_code_block, 'app_apis': app_apis}\n",
    "    \n",
    "    pathlist = Path('../data/APK').glob('**/' + app_name + '/**/*.smali')\n",
    "    for path in pathlist:\n",
    "        path_in_str = str(path)\n",
    "        meta = get_API_calls(path_in_str,app_name,meta)\n",
    "#         break\n",
    "    return meta\n"
   ]
  },
  {
   "cell_type": "code",
   "execution_count": 20,
   "metadata": {},
   "outputs": [],
   "source": [
    "def set_default(obj):\n",
    "    if isinstance(obj, set):\n",
    "        return list(obj)\n",
    "    raise TypeError\n"
   ]
  },
  {
   "cell_type": "code",
   "execution_count": 21,
   "metadata": {},
   "outputs": [],
   "source": [
    "def save_files(meta,p):\n",
    "    with open(p + '/invoke_method.json', 'w') as im:\n",
    "        json.dump(meta['invoke_method'], im, indent=4, default=set_default)\n",
    "    with open(p + '/packages.json', 'w') as pack:\n",
    "        json.dump(meta['packages'], pack, indent=4, default=set_default)\n",
    "    with open(p + '/app_apis.json', 'w') as apis:\n",
    "        json.dump(meta['app_apis'], apis, indent=4, default=set_default)\n",
    "    with open(p + '/code_blocks.txt', 'w') as cb:\n",
    "        for l in meta['code_blocks']:\n",
    "            cb.write(str(l) + '\\n')"
   ]
  },
  {
   "cell_type": "code",
   "execution_count": 22,
   "metadata": {},
   "outputs": [],
   "source": [
    "def read_files(p,apis):\n",
    "    with open(p + '/app_apis.json', 'r') as a:\n",
    "        app_apis = json.load(a)\n",
    "    #creating apis dict\n",
    "    for k in app_apis.keys():\n",
    "        if k not in apis.keys():\n",
    "            apis[k] = len(apis)\n",
    "\n",
    "    with open(p + '/invoke_method.json', 'r') as im:\n",
    "        invoke_method = json.load(im)\n",
    "    with open(p + '/packages.json', 'r') as pack:\n",
    "        packages = json.load(pack)\n",
    "        \n",
    "    code_blocks = []\n",
    "    with open(p + '/code_blocks.txt', 'r') as cb:\n",
    "        for line in cb:\n",
    "            code_blocks.append(ast.literal_eval(line))\n",
    "    meta = {'invoke_method':invoke_method, 'packages':packages, \\\n",
    "            'code_blocks':code_blocks, 'app_apis': app_apis}\n",
    "    return meta, apis\n",
    "    "
   ]
  },
  {
   "cell_type": "code",
   "execution_count": 23,
   "metadata": {},
   "outputs": [],
   "source": [
    "def get_category_api_calls(category, apps,apis):\n",
    "    cat_info = {}\n",
    "    if not os.path.exists('../data/APK/'+category):\n",
    "        print('Please scrape apps in ' + category + ' first.')\n",
    "        return None,0\n",
    "    pathlist = os.listdir('../data/APK/'+category+'/')\n",
    "    \n",
    "    for p in pathlist:\n",
    "        if not p.startswith('.') and not p.endswith('.apk'):\n",
    "            if p not in apps:\n",
    "                apps[p] = len(apps)\n",
    "            meta_data_path = '../data/apk_data/'\n",
    "            if not os.path.exists(meta_data_path):\n",
    "                os.mkdir(meta_data_path)\n",
    "            cat_data_path = meta_data_path + category +'/'\n",
    "            if not os.path.exists(cat_data_path):\n",
    "                os.mkdir(cat_data_path)\n",
    "                \n",
    "            app_meta_path = cat_data_path + p\n",
    "            if not os.path.exists(app_meta_path):\n",
    "                os.mkdir(app_meta_path)\n",
    "            \n",
    "                meta = get_app_api_calls(p)\n",
    "                save_files(meta,app_meta_path)\n",
    "            meta,apis = read_files(app_meta_path,apis)\n",
    "                \n",
    "\n",
    "            cat_info[p] = meta\n",
    "    return cat_info, apps, apis\n",
    "      "
   ]
  },
  {
   "cell_type": "code",
   "execution_count": 24,
   "metadata": {},
   "outputs": [],
   "source": [
    "\n",
    "def run_pipeline(cats):\n",
    "    categories = {}\n",
    "    apps = defaultdict(int)\n",
    "    apis = {}\n",
    "    for cat in cats:\n",
    "        categories[cat], apps, apis = get_category_api_calls(cat,apps,apis)\n",
    "    return categories, apps,apis"
   ]
  },
  {
   "cell_type": "code",
   "execution_count": 9,
   "metadata": {},
   "outputs": [
    {
     "ename": "KeyboardInterrupt",
     "evalue": "",
     "output_type": "error",
     "traceback": [
      "\u001b[0;31m---------------------------------------------------------------------------\u001b[0m",
      "\u001b[0;31mKeyboardInterrupt\u001b[0m                         Traceback (most recent call last)",
      "\u001b[0;32m<ipython-input-9-62d9b3c315d2>\u001b[0m in \u001b[0;36m<module>\u001b[0;34m\u001b[0m\n\u001b[1;32m      1\u001b[0m \u001b[0mcats\u001b[0m \u001b[0;34m=\u001b[0m \u001b[0;34m[\u001b[0m\u001b[0;34m'beauty'\u001b[0m\u001b[0;34m,\u001b[0m\u001b[0;34m'business'\u001b[0m\u001b[0;34m]\u001b[0m\u001b[0;34m\u001b[0m\u001b[0;34m\u001b[0m\u001b[0m\n\u001b[0;32m----> 2\u001b[0;31m \u001b[0mcategory_data\u001b[0m\u001b[0;34m,\u001b[0m\u001b[0mapps\u001b[0m\u001b[0;34m,\u001b[0m\u001b[0mapis\u001b[0m \u001b[0;34m=\u001b[0m \u001b[0mrun_pipeline\u001b[0m\u001b[0;34m(\u001b[0m\u001b[0mcats\u001b[0m\u001b[0;34m)\u001b[0m\u001b[0;34m\u001b[0m\u001b[0;34m\u001b[0m\u001b[0m\n\u001b[0m",
      "\u001b[0;32m<ipython-input-8-d9f6cc80b33e>\u001b[0m in \u001b[0;36mrun_pipeline\u001b[0;34m(cats)\u001b[0m\n\u001b[1;32m      4\u001b[0m     \u001b[0mapis\u001b[0m \u001b[0;34m=\u001b[0m \u001b[0;34m{\u001b[0m\u001b[0;34m}\u001b[0m\u001b[0;34m\u001b[0m\u001b[0;34m\u001b[0m\u001b[0m\n\u001b[1;32m      5\u001b[0m     \u001b[0;32mfor\u001b[0m \u001b[0mcat\u001b[0m \u001b[0;32min\u001b[0m \u001b[0mcats\u001b[0m\u001b[0;34m:\u001b[0m\u001b[0;34m\u001b[0m\u001b[0;34m\u001b[0m\u001b[0m\n\u001b[0;32m----> 6\u001b[0;31m         \u001b[0mcategories\u001b[0m\u001b[0;34m[\u001b[0m\u001b[0mcat\u001b[0m\u001b[0;34m]\u001b[0m\u001b[0;34m,\u001b[0m \u001b[0mapps\u001b[0m\u001b[0;34m,\u001b[0m \u001b[0mapis\u001b[0m \u001b[0;34m=\u001b[0m \u001b[0mget_category_api_calls\u001b[0m\u001b[0;34m(\u001b[0m\u001b[0mcat\u001b[0m\u001b[0;34m,\u001b[0m\u001b[0mapps\u001b[0m\u001b[0;34m,\u001b[0m\u001b[0mapis\u001b[0m\u001b[0;34m)\u001b[0m\u001b[0;34m\u001b[0m\u001b[0;34m\u001b[0m\u001b[0m\n\u001b[0m\u001b[1;32m      7\u001b[0m     \u001b[0;32mreturn\u001b[0m \u001b[0mcategories\u001b[0m\u001b[0;34m,\u001b[0m \u001b[0mapps\u001b[0m\u001b[0;34m,\u001b[0m\u001b[0mapis\u001b[0m\u001b[0;34m\u001b[0m\u001b[0;34m\u001b[0m\u001b[0m\n",
      "\u001b[0;32m<ipython-input-7-9ac32dab75ab>\u001b[0m in \u001b[0;36mget_category_api_calls\u001b[0;34m(category, apps, apis)\u001b[0m\n\u001b[1;32m     23\u001b[0m                 \u001b[0mmeta\u001b[0m \u001b[0;34m=\u001b[0m \u001b[0mget_app_api_calls\u001b[0m\u001b[0;34m(\u001b[0m\u001b[0mp\u001b[0m\u001b[0;34m)\u001b[0m\u001b[0;34m\u001b[0m\u001b[0;34m\u001b[0m\u001b[0m\n\u001b[1;32m     24\u001b[0m                 \u001b[0msave_files\u001b[0m\u001b[0;34m(\u001b[0m\u001b[0mmeta\u001b[0m\u001b[0;34m,\u001b[0m\u001b[0mapp_meta_path\u001b[0m\u001b[0;34m)\u001b[0m\u001b[0;34m\u001b[0m\u001b[0;34m\u001b[0m\u001b[0m\n\u001b[0;32m---> 25\u001b[0;31m             \u001b[0mmeta\u001b[0m\u001b[0;34m,\u001b[0m\u001b[0mapis\u001b[0m \u001b[0;34m=\u001b[0m \u001b[0mread_files\u001b[0m\u001b[0;34m(\u001b[0m\u001b[0mapp_meta_path\u001b[0m\u001b[0;34m,\u001b[0m\u001b[0mapis\u001b[0m\u001b[0;34m)\u001b[0m\u001b[0;34m\u001b[0m\u001b[0;34m\u001b[0m\u001b[0m\n\u001b[0m\u001b[1;32m     26\u001b[0m \u001b[0;34m\u001b[0m\u001b[0m\n\u001b[1;32m     27\u001b[0m \u001b[0;34m\u001b[0m\u001b[0m\n",
      "\u001b[0;32m<ipython-input-6-5e166749d758>\u001b[0m in \u001b[0;36mread_files\u001b[0;34m(p, apis)\u001b[0m\n\u001b[1;32m     15\u001b[0m     \u001b[0;32mwith\u001b[0m \u001b[0mopen\u001b[0m\u001b[0;34m(\u001b[0m\u001b[0mp\u001b[0m \u001b[0;34m+\u001b[0m \u001b[0;34m'/code_blocks.txt'\u001b[0m\u001b[0;34m,\u001b[0m \u001b[0;34m'r'\u001b[0m\u001b[0;34m)\u001b[0m \u001b[0;32mas\u001b[0m \u001b[0mcb\u001b[0m\u001b[0;34m:\u001b[0m\u001b[0;34m\u001b[0m\u001b[0;34m\u001b[0m\u001b[0m\n\u001b[1;32m     16\u001b[0m         \u001b[0;32mfor\u001b[0m \u001b[0mline\u001b[0m \u001b[0;32min\u001b[0m \u001b[0mcb\u001b[0m\u001b[0;34m:\u001b[0m\u001b[0;34m\u001b[0m\u001b[0;34m\u001b[0m\u001b[0m\n\u001b[0;32m---> 17\u001b[0;31m             \u001b[0mcode_blocks\u001b[0m\u001b[0;34m.\u001b[0m\u001b[0mappend\u001b[0m\u001b[0;34m(\u001b[0m\u001b[0mast\u001b[0m\u001b[0;34m.\u001b[0m\u001b[0mliteral_eval\u001b[0m\u001b[0;34m(\u001b[0m\u001b[0mline\u001b[0m\u001b[0;34m)\u001b[0m\u001b[0;34m)\u001b[0m\u001b[0;34m\u001b[0m\u001b[0;34m\u001b[0m\u001b[0m\n\u001b[0m\u001b[1;32m     18\u001b[0m     meta = {'invoke_method':invoke_method, 'packages':packages, \\\n\u001b[1;32m     19\u001b[0m             'code_blocks':code_blocks, 'app_apis': app_apis}\n",
      "\u001b[0;32m/opt/conda/lib/python3.7/ast.py\u001b[0m in \u001b[0;36mliteral_eval\u001b[0;34m(node_or_string)\u001b[0m\n\u001b[1;32m     44\u001b[0m     \"\"\"\n\u001b[1;32m     45\u001b[0m     \u001b[0;32mif\u001b[0m \u001b[0misinstance\u001b[0m\u001b[0;34m(\u001b[0m\u001b[0mnode_or_string\u001b[0m\u001b[0;34m,\u001b[0m \u001b[0mstr\u001b[0m\u001b[0;34m)\u001b[0m\u001b[0;34m:\u001b[0m\u001b[0;34m\u001b[0m\u001b[0;34m\u001b[0m\u001b[0m\n\u001b[0;32m---> 46\u001b[0;31m         \u001b[0mnode_or_string\u001b[0m \u001b[0;34m=\u001b[0m \u001b[0mparse\u001b[0m\u001b[0;34m(\u001b[0m\u001b[0mnode_or_string\u001b[0m\u001b[0;34m,\u001b[0m \u001b[0mmode\u001b[0m\u001b[0;34m=\u001b[0m\u001b[0;34m'eval'\u001b[0m\u001b[0;34m)\u001b[0m\u001b[0;34m\u001b[0m\u001b[0;34m\u001b[0m\u001b[0m\n\u001b[0m\u001b[1;32m     47\u001b[0m     \u001b[0;32mif\u001b[0m \u001b[0misinstance\u001b[0m\u001b[0;34m(\u001b[0m\u001b[0mnode_or_string\u001b[0m\u001b[0;34m,\u001b[0m \u001b[0mExpression\u001b[0m\u001b[0;34m)\u001b[0m\u001b[0;34m:\u001b[0m\u001b[0;34m\u001b[0m\u001b[0;34m\u001b[0m\u001b[0m\n\u001b[1;32m     48\u001b[0m         \u001b[0mnode_or_string\u001b[0m \u001b[0;34m=\u001b[0m \u001b[0mnode_or_string\u001b[0m\u001b[0;34m.\u001b[0m\u001b[0mbody\u001b[0m\u001b[0;34m\u001b[0m\u001b[0;34m\u001b[0m\u001b[0m\n",
      "\u001b[0;32m/opt/conda/lib/python3.7/ast.py\u001b[0m in \u001b[0;36mparse\u001b[0;34m(source, filename, mode)\u001b[0m\n\u001b[1;32m     33\u001b[0m     \u001b[0mEquivalent\u001b[0m \u001b[0mto\u001b[0m \u001b[0mcompile\u001b[0m\u001b[0;34m(\u001b[0m\u001b[0msource\u001b[0m\u001b[0;34m,\u001b[0m \u001b[0mfilename\u001b[0m\u001b[0;34m,\u001b[0m \u001b[0mmode\u001b[0m\u001b[0;34m,\u001b[0m \u001b[0mPyCF_ONLY_AST\u001b[0m\u001b[0;34m)\u001b[0m\u001b[0;34m.\u001b[0m\u001b[0;34m\u001b[0m\u001b[0;34m\u001b[0m\u001b[0m\n\u001b[1;32m     34\u001b[0m     \"\"\"\n\u001b[0;32m---> 35\u001b[0;31m     \u001b[0;32mreturn\u001b[0m \u001b[0mcompile\u001b[0m\u001b[0;34m(\u001b[0m\u001b[0msource\u001b[0m\u001b[0;34m,\u001b[0m \u001b[0mfilename\u001b[0m\u001b[0;34m,\u001b[0m \u001b[0mmode\u001b[0m\u001b[0;34m,\u001b[0m \u001b[0mPyCF_ONLY_AST\u001b[0m\u001b[0;34m)\u001b[0m\u001b[0;34m\u001b[0m\u001b[0;34m\u001b[0m\u001b[0m\n\u001b[0m\u001b[1;32m     36\u001b[0m \u001b[0;34m\u001b[0m\u001b[0m\n\u001b[1;32m     37\u001b[0m \u001b[0;34m\u001b[0m\u001b[0m\n",
      "\u001b[0;31mKeyboardInterrupt\u001b[0m: "
     ]
    }
   ],
   "source": [
    "cats = ['beauty','business']\n",
    "category_data,apps,apis = run_pipeline(cats)"
   ]
  },
  {
   "cell_type": "code",
   "execution_count": 25,
   "metadata": {},
   "outputs": [],
   "source": [
    "def create_A_matrix(meta,app_id,mat,apis):\n",
    "    for api_id in meta.keys():\n",
    "        mat[(app_id,apis[api_id])] = 1\n",
    "    return mat"
   ]
  },
  {
   "cell_type": "code",
   "execution_count": 26,
   "metadata": {},
   "outputs": [],
   "source": [
    "def create_B_matrix(meta,mat,apis):\n",
    "    for v in meta:\n",
    "        for i,api_id1 in enumerate(v):\n",
    "            for j in range(i):\n",
    "                api_id2 = v[j]\n",
    "                mat[(apis[api_id2] , apis[api_id1])] = 1\n",
    "                mat[(apis[api_id1] , apis[api_id2])] = 1\n",
    "    return mat"
   ]
  },
  {
   "cell_type": "code",
   "execution_count": 27,
   "metadata": {},
   "outputs": [],
   "source": [
    "def create_P_matrix(meta,mat,apis):\n",
    "    for k,v in meta.items():\n",
    "        for api_id1 in v:\n",
    "            for j in range(i):\n",
    "                api_id2 = v[j]\n",
    "                mat[(apis[api_id2] , apis[api_id1])] = 1\n",
    "                mat[(apis[api_id1], apis[api_id2])] = 1\n",
    "    return mat"
   ]
  },
  {
   "cell_type": "code",
   "execution_count": 28,
   "metadata": {},
   "outputs": [],
   "source": [
    "def create_matrices(category_data,app_dict,apis):   \n",
    "    l_api = len(apis)\n",
    "    l_app = len(app_dict)\n",
    "    A = dok_matrix((l_app, l_api),dtype = int) \n",
    "    B = dok_matrix((l_api, l_api),dtype = int)\n",
    "    P = dok_matrix((l_api, l_api),dtype = int)\n",
    "    \n",
    "    for apps in category_data.items():\n",
    "        if not apps[1]: continue\n",
    "        for app,meta in apps[1].items():\n",
    "            A = create_A_matrix(meta['app_apis'],app_dict[app],A,apis)\n",
    "            B = create_B_matrix(meta['code_blocks'],B,apis)\n",
    "            P = create_P_matrix(meta['packages'],P,apis)\n",
    "    return A,B,P\n"
   ]
  },
  {
   "cell_type": "code",
   "execution_count": 37,
   "metadata": {},
   "outputs": [],
   "source": [
    "def read_malware(cats, path,category_data,apps,apis):\n",
    "    malware = []\n",
    "    for cat in cats:\n",
    "        print(cat)\n",
    "\n",
    "            \n",
    "        family_data = {}\n",
    "        base_path = os.path.join(path, 'apk_data', cat)\n",
    "        for app in os.listdir(base_path):\n",
    "            \n",
    "            if app.startswith(\".\"):\n",
    "                continue\n",
    "            app_path = os.path.join(base_path, app)\n",
    "            if app not in apps:\n",
    "                apps[app] = len(apps)\n",
    "                malware.append(apps[app])\n",
    "            meta,apis = read_files(app_path,apis)\n",
    "            family_data[app] = meta\n",
    "        category_data[cat] = family_data\n",
    "    return category_data,apps,apis, malware"
   ]
  },
  {
   "cell_type": "code",
   "execution_count": 53,
   "metadata": {},
   "outputs": [],
   "source": [
    "def get_malware(path, num_apps,category_data,apps,apis,categories):\n",
    "    \n",
    "    sampled = []\n",
    "    malware = []\n",
    "    for family in os.listdir(path):\n",
    "        if family not in categories:\n",
    "            continue\n",
    "        family_data = {}\n",
    "        base_path = os.path.join('..','data','apk_data',family)\n",
    "        \n",
    "        if not os.path.exists(base_path):\n",
    "            os.mkdir(base_path)\n",
    "\n",
    "\n",
    "\n",
    "        malware_apps = []\n",
    "        for variety in os.listdir(os.path.join(path,family)):\n",
    "            for app in os.listdir(os.path.join(path,family,variety)):\n",
    "                malware_apps.append(os.path.join(path,family,variety,app))\n",
    "            \n",
    "        sampled_apps = sample(malware_apps, min(num_apps, len(malware_apps)))\n",
    "        for malware_path in sampled_apps:\n",
    "            app = malware_path.split('/')[-1]\n",
    "            if app not in apps:\n",
    "                apps[app] = len(apps)\n",
    "                malware.append(apps[app])\n",
    "                \n",
    "            app_path = os.path.join(base_path, app)\n",
    "            if not os.path.exists(app_path):\n",
    "                os.mkdir(app_path)\n",
    "\n",
    "            meta = get_app_api_calls(app,path,True)\n",
    "            save_files(meta,app_path)\n",
    "            meta,apis = read_files(app_path,apis)\n",
    "            family_data[app] = meta\n",
    "\n",
    "        category_data[family] = family_data\n",
    "    return category_data,apps,apis, malware\n"
   ]
  },
  {
   "cell_type": "code",
   "execution_count": 54,
   "metadata": {},
   "outputs": [
    {
     "ename": "TypeError",
     "evalue": "get_app_api_calls() takes 1 positional argument but 3 were given",
     "output_type": "error",
     "traceback": [
      "\u001b[0;31m---------------------------------------------------------------------------\u001b[0m",
      "\u001b[0;31mTypeError\u001b[0m                                 Traceback (most recent call last)",
      "\u001b[0;32m<ipython-input-54-05ab7e3674d2>\u001b[0m in \u001b[0;36m<module>\u001b[0;34m\u001b[0m\n\u001b[0;32m----> 1\u001b[0;31m \u001b[0mget_malware\u001b[0m\u001b[0;34m(\u001b[0m\u001b[0;34m\"/datasets/dsc180a-wi20-public/Malware/amd_data_smali/\"\u001b[0m\u001b[0;34m,\u001b[0m\u001b[0;36m50\u001b[0m \u001b[0;34m,\u001b[0m\u001b[0;34m{\u001b[0m\u001b[0;34m}\u001b[0m\u001b[0;34m,\u001b[0m\u001b[0;34m{\u001b[0m\u001b[0;34m}\u001b[0m\u001b[0;34m,\u001b[0m\u001b[0;34m{\u001b[0m\u001b[0;34m}\u001b[0m\u001b[0;34m,\u001b[0m\u001b[0;34m[\u001b[0m\u001b[0;34m\"Andup\"\u001b[0m\u001b[0;34m,\u001b[0m\u001b[0;34m\"Kyview\"\u001b[0m\u001b[0;34m,\u001b[0m\u001b[0;34m\"Minimob\"\u001b[0m\u001b[0;34m,\u001b[0m\u001b[0;34m\"Youmi\"\u001b[0m\u001b[0;34m]\u001b[0m\u001b[0;34m)\u001b[0m\u001b[0;34m\u001b[0m\u001b[0;34m\u001b[0m\u001b[0m\n\u001b[0m",
      "\u001b[0;32m<ipython-input-53-2b8220a051be>\u001b[0m in \u001b[0;36mget_malware\u001b[0;34m(path, num_apps, category_data, apps, apis, categories)\u001b[0m\n\u001b[1;32m     30\u001b[0m                 \u001b[0mos\u001b[0m\u001b[0;34m.\u001b[0m\u001b[0mmkdir\u001b[0m\u001b[0;34m(\u001b[0m\u001b[0mapp_path\u001b[0m\u001b[0;34m)\u001b[0m\u001b[0;34m\u001b[0m\u001b[0;34m\u001b[0m\u001b[0m\n\u001b[1;32m     31\u001b[0m \u001b[0;34m\u001b[0m\u001b[0m\n\u001b[0;32m---> 32\u001b[0;31m             \u001b[0mmeta\u001b[0m \u001b[0;34m=\u001b[0m \u001b[0mget_app_api_calls\u001b[0m\u001b[0;34m(\u001b[0m\u001b[0mapp\u001b[0m\u001b[0;34m,\u001b[0m\u001b[0mpath\u001b[0m\u001b[0;34m,\u001b[0m\u001b[0;32mTrue\u001b[0m\u001b[0;34m)\u001b[0m\u001b[0;34m\u001b[0m\u001b[0;34m\u001b[0m\u001b[0m\n\u001b[0m\u001b[1;32m     33\u001b[0m             \u001b[0msave_files\u001b[0m\u001b[0;34m(\u001b[0m\u001b[0mmeta\u001b[0m\u001b[0;34m,\u001b[0m\u001b[0mapp_path\u001b[0m\u001b[0;34m)\u001b[0m\u001b[0;34m\u001b[0m\u001b[0;34m\u001b[0m\u001b[0m\n\u001b[1;32m     34\u001b[0m             \u001b[0mmeta\u001b[0m\u001b[0;34m,\u001b[0m\u001b[0mapis\u001b[0m \u001b[0;34m=\u001b[0m \u001b[0mread_files\u001b[0m\u001b[0;34m(\u001b[0m\u001b[0mapp_path\u001b[0m\u001b[0;34m,\u001b[0m\u001b[0mapis\u001b[0m\u001b[0;34m)\u001b[0m\u001b[0;34m\u001b[0m\u001b[0;34m\u001b[0m\u001b[0m\n",
      "\u001b[0;31mTypeError\u001b[0m: get_app_api_calls() takes 1 positional argument but 3 were given"
     ]
    }
   ],
   "source": [
    "get_malware(\"/datasets/dsc180a-wi20-public/Malware/amd_data_smali/\",50 ,{},{},{},[\"Andup\",\"Kyview\",\"Minimob\",\"Youmi\"])\n"
   ]
  },
  {
   "cell_type": "code",
   "execution_count": 52,
   "metadata": {},
   "outputs": [],
   "source": [
    "from random import sample"
   ]
  },
  {
   "cell_type": "code",
   "execution_count": 15,
   "metadata": {},
   "outputs": [],
   "source": [
    "A_matrix, B_matrix, P_matrix= create_matrices(category_data,apps,apis)"
   ]
  },
  {
   "cell_type": "code",
   "execution_count": 41,
   "metadata": {},
   "outputs": [
    {
     "data": {
      "text/plain": [
       "<13x13 sparse matrix of type '<class 'numpy.int64'>'\n",
       "\twith 169 stored elements in Compressed Sparse Row format>"
      ]
     },
     "execution_count": 41,
     "metadata": {},
     "output_type": "execute_result"
    }
   ],
   "source": [
    "A_At = (A_matrix* A_matrix.T)\n",
    "A_At"
   ]
  },
  {
   "cell_type": "code",
   "execution_count": 42,
   "metadata": {},
   "outputs": [
    {
     "data": {
      "text/plain": [
       "13"
      ]
     },
     "execution_count": 42,
     "metadata": {},
     "output_type": "execute_result"
    }
   ],
   "source": [
    "A_At.shape[0]"
   ]
  },
  {
   "cell_type": "code",
   "execution_count": 22,
   "metadata": {},
   "outputs": [],
   "source": [
    "A_B_At = (A_matrix * B_matrix * A_matrix.T)"
   ]
  },
  {
   "cell_type": "code",
   "execution_count": 14,
   "metadata": {},
   "outputs": [],
   "source": [
    "def save_matrices(A,B,P):\n",
    "    path = '../data/matrices/'\n",
    "    if not os.path.exists(path):\n",
    "        os.mkdir(path)\n",
    "    np.save(path + 'A.npy', A)\n",
    "    np.save(path + 'B.npy', B)\n",
    "    np.save(path + 'P.npy', P)"
   ]
  },
  {
   "cell_type": "code",
   "execution_count": 23,
   "metadata": {},
   "outputs": [
    {
     "data": {
      "text/plain": [
       "array([[ 321194,  212319,  272448,  243029,  210623,  323504,  216678,\n",
       "         119205,  194720,   93059,  249566,   97263,    7469],\n",
       "       [ 212319,  521888,  251195,  227381,  271134,  218811,  368421,\n",
       "         112052,  194259,  107025,  227170,  107659,    9307],\n",
       "       [ 272448,  251195,  736371,  353112,  475204,  282338,  485927,\n",
       "         129938,  218070,  176495,  358739,  121598,    9623],\n",
       "       [ 243029,  227381,  353112,  391443,  309582,  247333,  321779,\n",
       "         128665,  207425,  164218,  354421,  105352,    7690],\n",
       "       [ 210623,  271134,  475204,  309582,  928021,  221112,  609303,\n",
       "         117265,  196626,  179416,  306935,  113876,    8990],\n",
       "       [ 323504,  218811,  282338,  247333,  221112,  421890,  232732,\n",
       "         121063,  208528,   99693,  254663,  104969,    7929],\n",
       "       [ 216678,  368421,  485927,  321779,  609303,  232732, 1219380,\n",
       "         119217,  274463,  188829,  321283,  191586,   10941],\n",
       "       [ 119205,  112052,  129938,  128665,  117265,  121063,  119217,\n",
       "         114624,  136426,   52220,  128400,   64960,    4708],\n",
       "       [ 194720,  194259,  218070,  207425,  196626,  208528,  274463,\n",
       "         136426,  577965,   91391,  206394,  147003,    8444],\n",
       "       [  93059,  107025,  176495,  164218,  179416,   99693,  188829,\n",
       "          52220,   91391,  246330,  163809,   55833,    5644],\n",
       "       [ 249566,  227170,  358739,  354421,  306935,  254663,  321283,\n",
       "         128400,  206394,  163809,  404554,  104843,    7586],\n",
       "       [  97263,  107659,  121598,  105352,  113876,  104969,  191586,\n",
       "          64960,  147003,   55833,  104843,  340412,    6253],\n",
       "       [   7469,    9307,    9623,    7690,    8990,    7929,   10941,\n",
       "           4708,    8444,    5644,    7586,    6253,   12397]],\n",
       "      dtype=int64)"
      ]
     },
     "execution_count": 23,
     "metadata": {},
     "output_type": "execute_result"
    }
   ],
   "source": [
    "A_P_At = (A_matrix * P_matrix * A_matrix.T).toarray()\n",
    "A_P_At"
   ]
  },
  {
   "cell_type": "code",
   "execution_count": 24,
   "metadata": {},
   "outputs": [
    {
     "data": {
      "text/plain": [
       "array([[ 482422324,  536405788,  625890271,  515617804,  641216357,\n",
       "         505593888,  692380454,  252684351,  497070664,  331918337,\n",
       "         519413791,  287792815,   30382041],\n",
       "       [ 536405788,  783636184,  733352591,  610085222,  770700644,\n",
       "         566887993,  882070929,  302174516,  590272648,  397348182,\n",
       "         610450551,  356295672,   40072552],\n",
       "       [ 625890271,  733352591, 1160222091,  741632530, 1104338145,\n",
       "         658034291, 1180076546,  343261428,  674382080,  492784919,\n",
       "         750493620,  396401263,   43656042],\n",
       "       [ 515617804,  610085222,  741632530,  665971284,  774786403,\n",
       "         541790001,  832976771,  287396930,  563259993,  412694483,\n",
       "         630463924,  327370298,   33871856],\n",
       "       [ 641216357,  770700644, 1104338145,  774786403, 1360825750,\n",
       "         677872823, 1260053284,  358063995,  705024407,  517717449,\n",
       "         773387252,  420764242,   46014839],\n",
       "       [ 505593888,  566887993,  658034291,  541790001,  677872823,\n",
       "         564059257,  735431934,  266649527,  529621063,  354274644,\n",
       "         545879732,  312958137,   33744511],\n",
       "       [ 692380454,  882070929, 1180076546,  832976771, 1260053284,\n",
       "         735431934, 1654089205,  388823082,  805638874,  561999297,\n",
       "         833093497,  532157812,   53851611],\n",
       "       [ 252684351,  302174516,  343261428,  287396930,  358063995,\n",
       "         266649527,  388823082,  158524067,  289439785,  184995704,\n",
       "         288006668,  170079039,   17577925],\n",
       "       [ 497070664,  590272648,  674382080,  563259993,  705024407,\n",
       "         529621063,  805638874,  289439785,  835215947,  375237560,\n",
       "         563892792,  363382164,   37018931],\n",
       "       [ 331918337,  397348182,  492784919,  412694483,  517717449,\n",
       "         354274644,  561999297,  184995704,  375237560,  329895532,\n",
       "         413286095,  226551406,   24143788],\n",
       "       [ 519413791,  610450551,  750493620,  630463924,  773387252,\n",
       "         545879732,  833093497,  288006668,  563892792,  413286095,\n",
       "         684373063,  327708055,   34105568],\n",
       "       [ 287792815,  356295672,  396401263,  327370298,  420764242,\n",
       "         312958137,  532157812,  170079039,  363382164,  226551406,\n",
       "         327708055,  559351224,   26105464],\n",
       "       [  30382041,   40072552,   43656042,   33871856,   46014839,\n",
       "          33744511,   53851611,   17577925,   37018931,   24143788,\n",
       "          34105568,   26105464,    6528268]], dtype=int64)"
      ]
     },
     "execution_count": 24,
     "metadata": {},
     "output_type": "execute_result"
    }
   ],
   "source": [
    "A_P_B_Pt_At = A_matrix * P_matrix * B_matrix * P_matrix.T * A_matrix.T\n",
    "A_P_B_Pt_At"
   ]
  },
  {
   "cell_type": "code",
   "execution_count": 36,
   "metadata": {},
   "outputs": [],
   "source": [
    "malware = [1,3,6,9]"
   ]
  },
  {
   "cell_type": "code",
   "execution_count": 40,
   "metadata": {},
   "outputs": [
    {
     "data": {
      "text/plain": [
       "array([[15768,  6968,  9505,  7831,  6050, 15521,  5705,  3833,  6093,\n",
       "         2055,  8610,  2869,   276],\n",
       "       [ 6968, 27812,  7891,  7075,  8567,  7277, 12904,  3082,  6354,\n",
       "         2274,  6952,  3686,   328],\n",
       "       [ 9505,  7891, 32977, 11834, 15048,  9915, 14677,  3581,  6142,\n",
       "         4637, 12176,  3606,   353],\n",
       "       [ 7831,  7075, 11834, 15745,  9752,  7914,  9434,  3831,  5894,\n",
       "         4423, 13032,  2752,   258],\n",
       "       [ 6050,  8567, 15048,  9752, 45205,  6572, 22589,  3238,  5365,\n",
       "         4475,  9483,  3275,   310],\n",
       "       [15521,  7277,  9915,  7914,  6572, 22196,  6546,  3821,  6867,\n",
       "         2448,  8724,  3271,   293],\n",
       "       [ 5705, 12904, 14677,  9434, 22589,  6546, 67688,  2839,  9852,\n",
       "         4593,  9418,  7553,   351],\n",
       "       [ 3833,  3082,  3581,  3831,  3238,  3821,  2839,  5996,  5244,\n",
       "         1330,  3816,  2401,   207],\n",
       "       [ 6093,  6354,  6142,  5894,  5365,  6867,  9852,  5244, 28381,\n",
       "         2204,  5795,  6316,   319],\n",
       "       [ 2055,  2274,  4637,  4423,  4475,  2448,  4593,  1330,  2204,\n",
       "        12020,  4421,  1612,   225],\n",
       "       [ 8610,  6952, 12176, 13032,  9483,  8724,  9418,  3816,  5795,\n",
       "         4421, 15652,  2743,   257],\n",
       "       [ 2869,  3686,  3606,  2752,  3275,  3271,  7553,  2401,  6316,\n",
       "         1612,  2743, 18588,   283],\n",
       "       [  276,   328,   353,   258,   310,   293,   351,   207,   319,\n",
       "          225,   257,   283,   863]], dtype=int64)"
      ]
     },
     "execution_count": 40,
     "metadata": {},
     "output_type": "execute_result"
    }
   ],
   "source": [
    "A_At"
   ]
  },
  {
   "cell_type": "code",
   "execution_count": 37,
   "metadata": {},
   "outputs": [],
   "source": [
    "y = [0] * len(apps)\n",
    "for app_id in malware:\n",
    "    y[app_id] = 1"
   ]
  },
  {
   "cell_type": "code",
   "execution_count": 38,
   "metadata": {},
   "outputs": [
    {
     "name": "stderr",
     "output_type": "stream",
     "text": [
      "//anaconda3/lib/python3.7/site-packages/sklearn/svm/base.py:193: FutureWarning: The default value of gamma will change from 'auto' to 'scale' in version 0.22 to account better for unscaled features. Set gamma explicitly to 'auto' or 'scale' to avoid this warning.\n",
      "  \"avoid this warning.\", FutureWarning)\n"
     ]
    },
    {
     "data": {
      "text/plain": [
       "SVC(C=1.0, cache_size=200, class_weight=None, coef0=0.0,\n",
       "    decision_function_shape='ovr', degree=3, gamma='auto_deprecated',\n",
       "    kernel='rbf', max_iter=-1, probability=False, random_state=None,\n",
       "    shrinking=True, tol=0.001, verbose=False)"
      ]
     },
     "execution_count": 38,
     "metadata": {},
     "output_type": "execute_result"
    }
   ],
   "source": [
    "clf = svm.SVC()\n",
    "clf.fit(A_At, y)"
   ]
  },
  {
   "cell_type": "code",
   "execution_count": 39,
   "metadata": {},
   "outputs": [
    {
     "data": {
      "text/plain": [
       "1.0"
      ]
     },
     "execution_count": 39,
     "metadata": {},
     "output_type": "execute_result"
    }
   ],
   "source": [
    "clf.score(A_At, y)"
   ]
  },
  {
   "cell_type": "code",
   "execution_count": null,
   "metadata": {},
   "outputs": [],
   "source": [
    "def get_malware_meta(base):\n",
    "    \n",
    "    \n",
    "get_malware_meta('')"
   ]
  },
  {
   "cell_type": "code",
   "execution_count": null,
   "metadata": {},
   "outputs": [],
   "source": [
    "base = '/datasets/dsc180a-wi20-public/Malware/amd_data_smali/' \n",
    "amd_file_path = base + 'amd_data_smali/'\n"
   ]
  },
  {
   "cell_type": "code",
   "execution_count": 14,
   "metadata": {},
   "outputs": [
    {
     "name": "stdout",
     "output_type": "stream",
     "text": [
      "report_ap_at.txt\n",
      "report_apb_pt_at.txt\n",
      "xml_files\n",
      "log.txt\n",
      "report_a_at.txt\n",
      "apis.json\n",
      "apps.json\n",
      "report_ab_at.txt\n",
      "APK\n",
      "apk_data\n"
     ]
    }
   ],
   "source": [
    "for file in os.listdir('../data'):\n",
    "    print(file)"
   ]
  },
  {
   "cell_type": "code",
   "execution_count": 24,
   "metadata": {},
   "outputs": [],
   "source": [
    "json_fp = '../data/apis.json'\n"
   ]
  },
  {
   "cell_type": "code",
   "execution_count": 25,
   "metadata": {},
   "outputs": [],
   "source": [
    "import json\n",
    "apis = json.load(open(json_fp))"
   ]
  },
  {
   "cell_type": "code",
   "execution_count": 28,
   "metadata": {},
   "outputs": [
    {
     "name": "stdout",
     "output_type": "stream",
     "text": [
      "Lorg/apache/a/b/b/f;->f()Lorg/apache/a/i/d;\n",
      "Lorg/apache/a/a/e;->c()Lorg/apache/a/a/a;\n",
      "Lorg/apache/a/a/e;->e()Lorg/apache/a/a/d;\n",
      "Lorg/apache/a/a/e;->d()Lorg/apache/a/a/h;\n",
      "Lorg/apache/a/c/m;->l()Lorg/apache/a/c/b/b;\n",
      "Lorg/apache/a/b/f;->a()Lorg/apache/a/a/h;\n",
      "Lorg/apache/a/b/a;->a()Lorg/apache/a/a/a;\n",
      "Lorg/apache/a/d/j;->a()Lorg/apache/a/d/h;\n",
      "Lorg/apache/a/h/g;->f()Lorg/apache/a/i/d;\n",
      "Lorg/apache/a/h/i;->a()Lorg/apache/a/k/b;\n",
      "Lorg/apache/a/e/a/d;->values()[Lorg/apache/a/e/a/d;\n",
      "Lorg/apache/a/e/a/a;->b()Lorg/apache/a/e/a/a/c;\n",
      "Lorg/apache/a/e/a/c;->a()Lorg/apache/a/k/a;\n",
      "Lorg/apache/a/e/a/a;->c()Lorg/apache/a/e/a/b;\n",
      "Lorg/apache/a/e/a/b;->a()Lorg/apache/a/e/a/f;\n",
      "Lorg/apache/a/k/g;->a()Lorg/apache/a/k/g;\n",
      "Lorg/apache/a/a/b;->a()Lorg/apache/a/a/a;\n",
      "Lorg/apache/a/f/f;->a()Lorg/apache/a/g/f;\n",
      "Lorg/apache/a/f/f;->b()Lorg/apache/a/g/g;\n",
      "Lorg/apache/a/f/a;->m()Lorg/apache/a/f/e/b;\n",
      "Lorg/apache/a/f/a;->l()Lorg/apache/a/f/e/a;\n",
      "Lorg/apache/a/f/a;->a()Lorg/apache/a/g/c;\n",
      "Lorg/apache/a/f/a;->a()Lorg/apache/a/g/d;\n",
      "Lorg/apache/a/g/f;->b()Lorg/apache/a/g/e;\n",
      "Lorg/apache/a/g/g;->b()Lorg/apache/a/g/e;\n",
      "Lorg/apache/a/f/a;->a()Lorg/apache/a/f/e;\n",
      "Lorg/apache/a/h/e;->a()Lorg/apache/a/k/b;\n",
      "Lorg/apache/a/h/s;->a()Lorg/apache/a/k/b;\n",
      "Lorg/apache/a/f/f/c;->d()Lorg/apache/a/f/f/k;\n",
      "Lorg/apache/a/f/f/d;->c()Lorg/apache/a/f/f/k;\n",
      "Lorg/apache/a/f/b/b;->F()Lorg/apache/a/j/b;\n",
      "Lorg/apache/a/f/b/b;->m()Lorg/apache/a/b/b;\n",
      "Lorg/apache/a/f/b/b;->n()Lorg/apache/a/b/e;\n",
      "Lorg/apache/a/f/b/b;->o()Lorg/apache/a/b/f;\n",
      "Lorg/apache/a/f/b/b;->p()Lorg/apache/a/c/b/d;\n",
      "Lorg/apache/a/f/b/b;->q()Lorg/apache/a/b/n;\n",
      "Lorg/apache/a/f/b/b;->c()Lorg/apache/a/j/b;\n",
      "Lorg/apache/a/f/b/b;->e()Lorg/apache/a/c/b;\n",
      "Lorg/apache/a/f/b/b;->r()Lorg/apache/a/i/d;\n",
      "Lorg/apache/a/f/b/b;->d()Lorg/apache/a/j/e;\n",
      "Lorg/apache/a/f/b/b;->s()Lorg/apache/a/j/g;\n",
      "Lorg/apache/a/f/b/b;->a()Lorg/apache/a/c/b;\n",
      "Lorg/apache/a/f/b/b;->w()Lorg/apache/a/c/g;\n",
      "Lorg/apache/a/f/b/b;->D()Lorg/apache/a/c/b/d;\n",
      "Lorg/apache/a/f/b/b;->G()Lorg/apache/a/j/f;\n",
      "Lorg/apache/a/f/b/b;->x()Lorg/apache/a/b/h;\n",
      "Lorg/apache/a/f/b/b;->y()Lorg/apache/a/b/l;\n",
      "Lorg/apache/a/f/b/b;->z()Lorg/apache/a/b/b;\n",
      "Lorg/apache/a/f/b/b;->A()Lorg/apache/a/b/b;\n",
      "Lorg/apache/a/f/b/b;->E()Lorg/apache/a/b/n;\n",
      "Lorg/apache/a/f/b/b;->a()Lorg/apache/a/i/d;\n",
      "Lorg/apache/a/f/b/b;->a()Lorg/apache/a/b/m;\n",
      "Lorg/apache/a/c/b;->a()Lorg/apache/a/c/c/e;\n",
      "Lorg/apache/a/f/b/b;->t()Lorg/apache/a/a/c;\n",
      "Lorg/apache/a/f/b/b;->u()Lorg/apache/a/d/j;\n",
      "Lorg/apache/a/f/b/b;->B()Lorg/apache/a/b/e;\n",
      "Lorg/apache/a/f/b/b;->C()Lorg/apache/a/b/f;\n",
      "Lorg/apache/a/f/c/k;->a()Lorg/apache/a/c/c/e;\n",
      "Lorg/apache/a/c/c;->a()Lorg/apache/a/c/b;\n",
      "Lorg/apache/a/f/b/b;->b()Lorg/apache/a/i/d;\n",
      "Lorg/apache/a/f/b/b;->h()Lorg/apache/a/j/g;\n",
      "Lorg/apache/a/f/b/b;->f()Lorg/apache/a/a/c;\n",
      "Lorg/apache/a/f/b/b;->g()Lorg/apache/a/d/j;\n",
      "Lorg/apache/a/f/b/b;->j()Lorg/apache/a/c/g;\n",
      "Lorg/apache/a/f/b/b;->k()Lorg/apache/a/b/h;\n",
      "Lorg/apache/a/f/b/b;->l()Lorg/apache/a/b/b;\n",
      "Lorg/apache/a/a/c;->a()Lorg/apache/a/a/a;\n",
      "Lorg/apache/a/b/b;->a()Lorg/apache/a/a/a;\n",
      "Lorg/apache/a/c/c/e;->a()Lorg/apache/a/c/c/d;\n",
      "Lorg/apache/a/f/b/r;->b()Lorg/apache/a/c/b/b;\n",
      "Lorg/apache/a/f/b/r;->a()Lorg/apache/a/f/b/q;\n",
      "Lorg/apache/a/f/b/q;->f()Lorg/apache/a/i/d;\n",
      "Lorg/apache/a/b/l;->b()Lorg/apache/a/b/b/g;\n",
      "Lorg/apache/a/f/b/l;->a()Lorg/apache/a/f/b/q;\n",
      "Lorg/apache/a/f/b/l;->b()Lorg/apache/a/c/b/b;\n",
      "Lorg/apache/a/c/b;->a()Lorg/apache/a/c/e;\n",
      "Lorg/apache/a/c/e;->a()Lorg/apache/a/c/n;\n",
      "Lorg/apache/a/f/b/l;->a()Lorg/apache/a/f/b/r;\n",
      "Lorg/apache/a/c/n;->l()Lorg/apache/a/c/b/b;\n",
      "Lorg/apache/a/c/b/d;->a()Lorg/apache/a/c/b/b;\n",
      "Lorg/apache/a/f/b/e;->a()Lorg/apache/a/a/h;\n",
